101001010
010000100
100000011
001000011
101011000
010010100
101110000
100100111
001100011
101111100
010110001
101111101
010110001
101110100
110101011
101110000
100100111
010100001
001100011
101110000
010110000
101110000
110001011
101110000
100100111
010100010
001100011
101110000
010110000
101110000
110001011
101110000
100100111
010100011
001100011
101110000
010110000
110001011
101111001
010110100
101111111
101100000
110110110
101110000
100100111
010100100
001100011
100110101
001110111
000101011
101110000
010110000
101110000
110001011
101110000
100100111
010100101
001100011
101110001
100110111
001110110
000101011
101111000
010110011
101110000
110001011
101110000
100100111
010100110
001100011
101110001
100110111
001110101
000101011
101110000
010110000
101110000
110001011
101110000
100100111
010100111
001100011
101110001
100110111
001110100
000101011
101110000
010110011
101110000
110001011
101111001
010110100
101111111
101100000
010100000
010100000
101101100
110110110
101110001
000010111
101100111
110101010
101100000
101110000
110111111
101100000
101110000
110111111
101100000
101110000
110111111
101100000
101110000
110111111
101100000
101110000
110111111
101100000
101110000
110111111
101100000
101110000
110111111
101100000
101110000
110111111
101111100
010110100
101000000
100001100
101110001
000001100
101111100
010110100
101000000
111001100
101111100
010110100
101000010
100001100
101110001
000001100
101111100
010110100
101000010
111001100
101001010
010000100
101110000
100000011
001000011
110101010
101011000
010010100
101110000
100100111
010100011
001100011
101111100
010110100
101110010
110001011
101110000
100100111
010100101
101111100
010110100
101110010
110001011
101110000
100100111
010100100
101111100
010110100
101110010
110001011
101110000
100100111
001100011
101111100
010110100
101110010
110001011
101111001
010110100
101111111
101100000
010100011
010100011
101100000
110110110
101110001
000010111
101100000
110101010
101111100
010110100
101000001
100001100
101110001
000001100
101111100
010110100
101000001
111001100
101001010
010000100
101110000
100000011
001000011
110101010
111111111
